Industry novelty vs shape of survival/public curves.
====================================================================================================

cls  label                    n_firms  cls_pros   cls_dkl surv_argmax_pos   surv_quad_a   pub_quad_a  pub_slope   P(pub)
034  Tobacco                    3,020     3.693   +0.2355           0.769       +0.0002      +0.0014    +0.0036    0.020
033  Wine/Spirits               5,680     4.105   +0.0588           0.714       -0.0032      +0.0267    +0.0278    0.016
032  Beverages                  8,512     4.204   +0.0210           0.571       -0.0175      -0.0020    -0.0213    0.055
024  Textiles                   6,731     4.237   +0.0422           0.857       -0.0155      +0.0125    +0.0225    0.057
038  Telecom                   14,122     4.322   -0.0220           1.000       -0.0069      -0.0435    -0.0006    0.165
003  Cosmetics                 22,325     4.331   +0.0387           0.000       +0.0009      +0.0022    +0.0112    0.040
018  Leather                   10,138     4.340   +0.0199           0.500       -0.0177      -0.0043    +0.0211    0.061
025  Clothing                  43,726     4.402   -0.0171           0.000       +0.0139      +0.0009    +0.0104    0.050
015  Music                        768     4.441   -0.0517           0.333       -0.0006         +nan       +nan    0.012
026  Lace                       2,360     4.488   +0.1438           0.167       -0.0101         +nan       +nan    0.046
013  Firearms                   1,192     4.497   +0.0461           1.000       +0.0376         +nan       +nan    0.085
014  Jewelry                    6,875     4.551   +0.0529           1.000       -0.0117      -0.0096    -0.0015    0.065
027  Carpets                    1,846     4.552   +0.0785           0.091       +0.0062         +nan       +nan    0.062
008  Hand tools                 4,557     4.639   +0.0903           0.929       +0.0011      -0.0134    -0.0273    0.064
029  Meat                      11,020     4.641   +0.0089           0.143       -0.0084      -0.0159    +0.0112    0.066
022  Cordage                    1,655     4.657   +0.1276           0.500       -0.0105         +nan       +nan    0.064
002  Paints                     2,643     4.786   +0.0212           0.917       -0.0246      +0.0093    +0.0536    0.078
011  Lighting                  13,598     4.822   +0.0627           0.929       -0.0072      -0.0224    +0.0099    0.083
021  Housewares                13,771     4.832   +0.0954           1.000       -0.0018      -0.0002    +0.0151    0.080
043  Food Svcs                 10,706     4.866   +0.0359           0.143       -0.0085      -0.0404    +0.0086    0.101
012  Vehicles                   9,440     4.888   +0.0656           1.000       -0.0051      -0.0091    +0.0127    0.093
004  Lubricants                 2,812     4.906   +0.0318           0.692       -0.0141      -0.0841    +0.0001    0.114
036  Insurance                 34,191     4.911   -0.0168           1.000       -0.0018      -0.0239    -0.0133    0.152
030  Coffee                    15,672     4.913   +0.0217           0.357       -0.0007      -0.0075    -0.0036    0.051
031  Agriculture                5,084     4.926   +0.0408           0.286       -0.0105      -0.0163    -0.0285    0.059
044  Medical Svcs              15,153     4.934   +0.0241           0.000       +0.0083      -0.0290    -0.0230    0.145
028  Toys                      20,169     4.957   +0.0350           0.143       -0.0027      -0.0083    -0.0001    0.054
017  Rubber                     4,306     4.958   +0.0365           1.000       -0.0018      -0.0927    +0.0116    0.089
045  Legal Svcs                 9,719     4.978   +0.0058           0.071       +0.0084      -0.0473    -0.0464    0.150
005  Pharma                    28,130     4.980   +0.0221           1.000       -0.0107      -0.0140    -0.0044    0.128
039  Transport                 10,202     5.042   +0.0047           0.214       -0.0076      -0.0544    -0.0037    0.202
019  Building                   5,846     5.070   +0.0048           0.857       -0.0207      -0.0376    -0.0065    0.060
020  Furniture                 10,902     5.104   +0.1152           1.000       +0.0025      -0.0197    -0.0042    0.083
042  Software Svcs             65,636     5.159   +0.0161           1.000       +0.0073      -0.0174    +0.0076    0.181
041  Education/Ent             67,571     5.175   +0.0197           0.143       +0.0069      -0.0121    -0.0018    0.077
037  Construction              15,071     5.177   +0.0258           0.929       -0.0056      -0.0275    -0.0046    0.166
007  Machines                  13,353     5.316   +0.0296           1.000       -0.0065      -0.0236    +0.0172    0.107
001  Chemicals                 11,055     5.350   +0.0158           0.857       -0.0097      -0.0463    -0.0133    0.118
010  Medical                   15,681     5.353   +0.0424           1.000       -0.0121      -0.0420    +0.0134    0.131
040  Materials Treat            7,979     5.360   +0.0145           0.929       -0.0033      -0.0593    -0.0080    0.242
035  Advertising               77,974     5.370   +0.0047           0.214       +0.0007      -0.0245    -0.0109    0.127
016  Paper                     30,796     5.407   +0.0335           0.286       +0.0016      -0.0107    +0.0097    0.084
009  Software/Electronics      98,141     5.418   +0.0176           0.357       -0.0055      -0.0176    +0.0071    0.117
006  Metals                     7,808     5.461   +0.0399           0.857       -0.0017      -0.0272    -0.0075    0.102

Key:
  cls_pros = class-mean prospective KL (novelty intensity of the industry)
  surv_argmax_pos = where the survival curve peaks (0=left edge, 1=right)
  surv_quad_a = curvature of P(survive) vs mean_pros (<0 inverted-U)
  pub_quad_a = same for P(ever_public)
  pub_slope = overall slope of P(ever_public) vs mean_pros

Cross-correlations across classes:
  corr(class_mean_pros       , surv_argmax_pos       ) = +0.089  (n=44)
  corr(class_mean_pros       , surv_quad_a           ) = -0.001  (n=44)
  corr(class_mean_pros       , surv_overall_slope    ) = +0.192  (n=44)
  corr(class_mean_pros       , pub_quad_a            ) = -0.469  (n=39)
  corr(class_mean_pros       , pub_overall_slope     ) = -0.201  (n=39)
  corr(class_mean_dkl        , surv_argmax_pos       ) = +0.139  (n=44)
  corr(class_mean_dkl        , surv_quad_a           ) = +0.019  (n=44)
  corr(class_mean_dkl        , surv_overall_slope    ) = +0.039  (n=44)
  corr(class_mean_dkl        , pub_quad_a            ) = +0.265  (n=39)
  corr(class_mean_dkl        , pub_overall_slope     ) = +0.096  (n=39)
